x=[  -0.000087026994976
   0.000107986147600
   0.000185404064879
  -0.444150041882143
   0.333214238487708
  -0.066661491078493
  -0.000085869262384
   0.000992227330869
   0.000476900494978
  -1.668698756173532
   1.251136113015103
  -0.250197944336211
  -0.000087252193096
  -0.000708078572112
   0.000495216907855
   1.933464411567621
  -1.450243388498749
   0.290050760778101
   0.000085159466554
   0.000992281207229
   0.000497233429787
  -1.031993772084706
   0.773707891136861
  -0.154712854234433
  -0.000082179860031
   0.000995040932116
   0.000487392391891
  -2.805801787286202
   2.104226863466581
  -0.420845163669738
  -0.000029904302248
   0.000999901283595
  -0.000403201454437
  -0.048327476090536
   0.036084840426852
  -0.007189621330305];