x=[  -0.000097785603303
  -0.000245594858622
  -0.000498964391836
  -0.433624368169088
   0.325623173638338
  -0.065165123855889
  -0.000097708343717
   0.000997684554894
   0.000498850052036
  -1.659599595712236
   1.244413456183501
  -0.248866122117947
  -0.000097663787834
  -0.000997465832507
  -0.000499952661739
   1.938759134588307
  -1.453828984215976
   0.290742718498423
   0.000098547162162
   0.000998286695497
   0.000499200202224
  -0.980980522709189
   0.735485989914714
  -0.147072260996697
  -0.000097661831457
  -0.000997642997045
  -0.000498817164468
  -2.799324093298857
   2.099991889416554
  -0.420048259917274
  -0.000027860612128
  -0.000999281099028
  -0.000499131698260
  -0.062844259349768
   0.047632475778424
  -0.009576423702771];